%Claritas:Palette V2. Created:palette, Thu Feb  2 09:06:24 2017

%Names:
 17  32 "Greyscale"
 33  48 "Velocity"
 49  64 "Phase"
 65  80 "Blue-White-Red"
 81  96 "Blue-White-Red 2"
 97 112 "Lurid"
129 144 "Cyan-Grey-Red"
145 159 "Jellybean"
161 176 "Tropic"
177 192 "Black-White-Yellow-Red"
193 208 "Black-White-Red"
209 224 "Highlight Yel-Blu-Gry-Red"
225 240 "Highlight Red-Blu-Gry-Org-Yel"
241 256 "Graphs"

%Colours:  (Index Red Green Blue)
001 000 000 000 
002 255 255 255 
003 229 000 000 
004 173 000 176 
005 000 000 255 
006 000 255 000 
007 255 204 000 
008 000 000 082 
009 217 217 219 
010 156 166 197 
011 000 032 000 
012 192 199 173 
013 127 138 101 
014 000 085 042 
015 181 180 181 
016 172 074 054 
017 255 255 255 
018 238 238 238 
019 221 221 221 
020 204 204 204 
021 187 187 187 
022 170 170 170 
023 153 153 153 
024 136 136 136 
025 119 119 119 
026 102 102 102 
027 085 085 085 
028 068 068 068 
029 050 050 050 
030 033 033 033 
031 016 016 016 
032 000 000 000 
033 226 225 255 
034 166 176 245 
035 106 127 235 
036 110 153 164 
037 114 178 123 
038 119 204 082 
039 164 221 054 
040 209 238 027 
041 255 255 000 
042 255 204 000 
043 255 153 000 
044 255 102 000 
045 255 051 000 
046 255 000 000 
047 217 000 000 
048 178 000 000 
049 255 116 116 
050 255 172 116 
051 255 227 116 
052 228 255 116 
053 172 255 116 
054 116 255 116 
055 116 255 171 
056 115 255 227 
057 115 228 255 
058 115 172 255 
059 115 116 255 
060 171 115 255 
061 227 115 255 
062 255 115 228 
063 255 115 172 
064 255 115 116 
065 000 000 255 
066 032 032 255 
067 064 064 255 
068 096 096 255 
069 128 128 255 
070 159 159 255 
071 191 191 255 
072 223 223 255 
073 255 223 223 
074 255 191 191 
075 255 159 159 
076 255 128 128 
077 255 096 096 
078 255 064 064 
079 255 032 032 
080 255 000 000 
081 033 033 069 
082 033 033 129 
083 067 066 149 
084 100 099 169 
085 134 132 189 
086 167 165 209 
087 201 198 229 
088 234 231 248 
089 234 231 248 
090 216 198 213 
091 199 165 178 
092 181 132 143 
093 163 099 108 
094 145 066 073 
095 127 033 038 
096 109 000 003 
097 023 023 096 
098 000 000 172 
099 000 000 255 
100 000 118 149 
101 000 113 018 
102 063 165 009 
103 127 246 000 
104 191 216 000 
105 255 224 000 
106 255 168 000 
107 255 124 000 
108 255 076 000 
109 255 000 000 
110 198 000 000 
111 157 000 170 
112 124 000 120 
113 255 255 255 
114 255 255 255 
115 255 255 255 
116 255 255 255 
117 255 255 255 
118 255 255 255 
119 255 255 255 
120 255 255 255 
121 255 255 255 
122 255 255 255 
123 255 255 255 
124 255 255 255 
125 255 255 255 
126 255 255 255 
127 255 255 255 
128 255 255 255 
129 000 255 253 
130 022 214 213 
131 045 173 172 
132 067 131 131 
133 090 090 090 
134 131 131 131 
135 173 173 173 
136 214 214 214 
137 255 255 255 
138 200 200 200 
139 145 145 145 
140 090 090 090 
141 117 067 068 
142 145 045 046 
143 172 022 024 
144 199 000 003 
145 241 078 079 
146 248 167 167 
147 255 255 255 
148 214 215 000 
149 235 235 128 
150 255 255 255 
151 067 215 068 
152 161 235 161 
153 255 255 255 
154 026 113 251 
155 141 184 253 
156 255 255 255 
157 218 000 199 
158 226 115 224 
159 234 231 248 
160 219 202 218 
161 254 160 000 
162 247 080 000 
163 239 000 000 
164 211 031 031 
165 183 063 063 
166 154 094 094 
167 126 126 126 
168 191 191 191 
169 255 255 255 
170 191 191 191 
171 126 126 126 
172 084 088 169 
173 043 050 212 
174 002 012 255 
175 001 134 255 
176 000 255 255 
177 000 000 000 
178 031 031 031 
179 063 063 063 
180 095 095 095 
181 127 127 127 
182 157 157 157 
183 189 189 189 
184 221 221 221 
185 253 253 156 
186 254 254 000 
187 253 219 000 
188 253 185 000 
189 254 152 000 
190 253 101 000 
191 253 050 000 
192 220 000 000 
193 000 000 000 
194 031 031 031 
195 063 063 063 
196 094 094 094 
197 126 126 126 
198 156 156 156 
199 188 188 188 
200 221 221 221 
201 253 221 221 
202 253 189 189 
203 253 157 157 
204 253 127 127 
205 253 095 095 
206 253 063 063 
207 253 031 031 
208 223 000 000 
209 254 254 141 
210 254 254 141 
211 254 254 141 
212 000 000 254 
213 051 051 254 
214 101 101 254 
215 152 152 254 
216 203 203 254 
217 254 254 254 
218 215 215 215 
219 175 175 175 
220 135 135 135 
221 095 095 095 
222 254 016 037 
223 254 016 037 
224 254 016 037 
225 254 016 037 
226 254 016 037 
227 254 016 037 
228 000 000 254 
229 038 038 208 
230 076 076 161 
231 115 114 114 
232 185 184 184 
233 254 254 254 
234 225 203 127 
235 196 151 000 
236 254 152 000 
237 254 203 070 
238 254 254 141 
239 254 254 141 
240 254 254 141 
241 000 000 254 
242 229 000 000 
243 000 095 015 
244 150 000 155 
245 015 016 101 
246 208 089 030 
247 062 190 063 
248 001 134 166 
249 161 016 037 
250 209 210 000 
251 226 115 224 
252 000 000 000 
253 141 184 253 
254 254 152 000 
255 111 120 088 
256 000 255 255 
